,Address:0x635a55f47752a9c8f2175d26e9cf3bb5d81ee420,: PrivateKey:246,82,249,59,18,84,188,155,193,211,220,64,124,90,24,182,222,224,88,127,72,70,75,27,87,185,141,72,162,4,232,57,101,33,65,95,133,152,13,54,200,0,124,17,147,105,68,194,86,237,52,101,220,211,73,75,155,247,35,128,102,163,201,149
,Address:0x801708c40594ff2d52ae77587ddb28b5919605c0,: PrivateKey:180,97,220,44,228,225,59,142,42,61,130,67,23,129,48,27,157,188,168,212,71,40,223,118,101,174,162,131,66,18,55,136,182,25,175,133,212,173,1,162,5,2,43,160,82,43,100,195,85,252,140,86,2,197,30,221,161,3,73,47,196,220,253,6
,Address:0xc134765cad33cd108f9f97c4b520dc54f5b3515c,: PrivateKey:73,114,249,226,214,22,107,128,155,228,171,185,219,94,248,243,246,156,117,19,96,95,234,152,4,222,66,242,113,63,193,161,57,185,250,144,45,143,197,184,220,221,18,144,216,153,245,249,144,80,195,214,222,4,180,133,214,39,216,253,36,39,186,20
,Address:0xcb4cb31430cc198a859190048250378b443f0bc4,: PrivateKey:214,86,33,233,178,193,131,165,111,156,117,120,123,109,49,217,52,213,155,84,239,72,233,53,13,198,21,24,226,106,226,111,73,236,152,106,50,26,38,254,35,9,237,209,197,80,31,207,62,116,233,155,204,69,65,85,203,158,230,235,94,38,65,23
,Address:0x0ce8bcc4ee4180109f156a387490ac89e61fe091,: PrivateKey:119,139,33,209,125,28,38,241,181,12,223,220,250,90,60,78,28,145,114,46,195,244,234,175,199,108,143,84,168,170,5,78,78,22,114,199,231,131,7,110,196,130,179,64,208,21,117,246,166,30,218,67,214,96,93,42,149,138,157,26,174,228,117,144
,Address:0x9926760c13c6b5415a2d9268cc74e6e938e6258c,: PrivateKey:165,22,190,255,124,73,202,133,232,248,110,177,240,109,64,87,25,24,86,151,27,123,91,8,100,246,136,92,72,244,227,214,62,32,36,107,244,43,80,232,205,24,196,220,136,142,255,133,134,105,24,107,148,50,126,118,176,66,53,22,217,230,173,185
,Address:0x71751db753d1a3914ee5a8abba8a23c7cb456099,: PrivateKey:226,192,244,63,36,16,8,81,235,216,103,245,36,223,232,135,126,164,48,30,71,89,95,42,239,209,66,34,198,213,162,44,196,138,76,164,12,191,149,29,206,219,31,166,143,227,116,152,113,24,135,188,16,67,76,196,81,41,177,241,94,70,215,135
,Address:0xe6dececa92f30ea1ac313ad60723db26b283a582,: PrivateKey:20,87,251,203,181,100,147,29,55,35,168,159,38,249,227,44,222,96,3,206,133,26,13,140,192,125,64,84,184,225,250,91,2,15,6,125,84,70,111,125,180,17,129,228,180,249,226,82,59,251,145,85,198,116,229,46,232,253,206,231,225,104,71,100
,Address:0x857fc3e6b96eae0694a5e87a81339afaafa097ec,: PrivateKey:148,60,45,156,134,46,130,91,98,9,127,31,102,178,219,183,36,178,252,182,58,98,184,38,18,168,64,161,154,0,187,228,13,115,138,221,151,12,135,135,132,155,43,207,168,245,113,0,154,4,250,204,26,231,35,216,16,248,99,210,128,157,27,216
,Address:0xb314ccc4ec8de2be380bf896d4895069a796eac9,: PrivateKey:152,190,164,132,223,137,23,56,63,220,190,5,68,93,78,228,125,119,198,219,220,255,156,138,126,24,10,28,241,158,170,123,135,185,247,72,96,24,17,73,150,95,188,226,117,174,194,133,242,41,239,161,61,195,244,238,36,97,206,102,202,191,203,184
,Address:0xe2abd8236d4ba0ddeda016dce8187faa58cecb88,: PrivateKey:32,116,222,87,233,184,141,217,159,21,166,121,140,234,131,143,93,41,120,110,219,26,141,226,245,217,85,39,142,176,32,191,105,133,156,90,143,36,187,13,145,199,127,222,44,207,132,67,181,96,150,101,88,216,156,64,148,53,124,30,224,138,47,198
,Address:0x9573755e9a3fd533735b6bc69f9d7a910e9ad8c8,: PrivateKey:117,10,195,116,191,233,55,226,146,62,13,172,202,151,2,43,58,223,65,49,143,255,155,125,99,153,239,58,16,72,75,125,212,143,43,68,92,99,96,175,239,101,10,30,151,197,218,183,137,151,185,157,149,219,173,39,69,13,106,143,95,148,231,156
,Address:0x24a5d3d9827efae197a96ecc38dd758d2bd1b7fc,: PrivateKey:28,138,38,72,48,192,41,186,60,53,138,107,74,189,128,8,90,122,170,168,128,182,50,105,57,232,101,180,54,65,193,70,82,191,83,225,198,175,209,213,187,154,99,156,222,233,191,154,110,124,12,119,4,118,50,76,45,228,235,92,100,106,142,100
,Address:0xb442dbdb80c745f101cdf3556e558cbd75695b0a,: PrivateKey:236,188,46,131,164,131,75,64,94,83,49,113,6,171,230,216,15,173,230,146,251,87,24,70,100,142,244,108,191,209,202,82,108,3,240,118,51,159,20,159,127,11,99,97,88,39,195,152,87,152,110,164,42,148,154,130,17,124,119,198,62,220,51,175
,Address:0x17f2237c653180b26411d30b25ecad133e870c74,: PrivateKey:165,228,222,97,151,40,216,37,105,209,133,145,164,203,199,142,221,155,206,150,215,155,215,101,95,181,175,201,199,98,124,100,222,149,156,4,159,113,122,196,49,230,209,10,165,114,57,191,219,175,180,42,236,144,140,65,68,72,2,210,48,132,29,111
,Address:0x67ffe4bb49812a101d20bc40404f7ff155c05616,: PrivateKey:235,159,248,29,169,183,183,222,74,82,73,125,228,39,206,64,183,41,93,220,57,245,149,176,194,106,29,103,50,60,250,228,0,133,140,157,52,111,101,65,133,120,97,97,117,31,9,153,24,44,100,178,3,238,74,101,84,84,166,215,122,253,208,235
,Address:0xdae9795c4791a02f2e398caa8319dbf90b3e1638,: PrivateKey:58,223,202,106,168,201,208,159,205,160,195,42,1,73,248,36,112,2,150,3,155,172,176,193,87,246,21,74,232,78,207,206,118,70,222,134,170,142,122,58,3,120,40,179,39,155,178,142,44,60,172,124,218,42,161,115,215,85,190,101,45,175,148,159
,Address:0x1c56705215ee9875c9d68262c2552745d084912f,: PrivateKey:207,223,14,236,131,92,136,180,240,213,105,254,251,129,229,211,58,255,52,49,219,150,5,82,32,82,152,237,206,189,236,168,249,214,178,85,179,46,120,14,185,13,126,146,124,210,69,113,44,122,29,126,152,132,45,234,145,130,21,81,145,141,85,200
,Address:0x3e9434d32a04f2f9d17021d4518a73204567ce20,: PrivateKey:40,80,247,57,141,41,7,80,148,240,219,65,176,7,205,139,88,76,25,253,170,55,237,123,223,107,16,200,12,70,34,80,249,32,73,8,208,234,135,173,223,251,130,230,157,235,165,215,16,62,185,69,104,233,201,128,87,53,138,57,119,173,186,237
,Address:0xb64a52512febfa308a1ede97f8c6f6b61075c36f,: PrivateKey:4,172,10,104,222,68,169,11,175,57,254,129,139,166,83,244,176,179,163,137,68,218,51,164,242,31,194,113,9,117,140,235,17,63,106,57,20,12,139,88,228,234,82,138,197,153,138,249,132,201,73,81,146,124,217,89,65,209,63,97,65,162,152,68
,Address:0x245d3573527c4eac9e8a926d9a15715cc8031cc4,: PrivateKey:155,79,2,230,238,127,72,26,153,119,192,102,106,216,152,117,141,218,132,170,210,20,5,217,35,190,229,224,93,162,217,58,75,241,216,58,1,233,24,145,157,50,74,54,186,45,97,211,95,125,244,100,232,124,125,214,154,109,242,175,143,231,245,3
,Address:0xcc30d5c443aa0048668d1c182bbdd7e07972bbe2,: PrivateKey:252,47,173,59,26,60,59,240,4,196,60,242,223,235,140,116,83,80,38,253,156,14,28,252,113,55,127,238,234,233,215,254,77,202,224,70,223,56,40,11,50,169,22,69,40,245,252,220,102,247,53,60,78,187,197,97,87,220,31,87,208,28,113,51
,Address:0x7d41995bc43e6b8c4ae7aafceb650dd517422a3a,: PrivateKey:158,102,166,12,95,87,192,127,112,46,47,6,226,240,92,182,179,209,144,238,87,0,178,194,15,253,65,169,67,216,75,117,212,28,51,125,196,247,20,195,78,89,225,25,96,131,73,186,251,118,185,192,209,42,249,161,172,112,207,71,128,230,33,205
,Address:0xe7fbe5146ad80965639773926152ef6f9dd2050c,: PrivateKey:122,240,114,246,239,241,217,150,222,176,15,22,212,223,167,96,163,49,245,15,111,108,104,150,37,52,175,81,77,103,132,93,110,168,233,137,233,18,169,21,232,32,231,26,73,116,185,154,57,188,128,13,61,214,233,204,250,244,215,9,3,107,5,166
,Address:0xe97fb986416d78fe580ec74303a4f44043d6f824,: PrivateKey:200,56,72,186,209,10,138,172,248,227,62,178,247,219,241,145,49,92,78,59,14,170,251,137,49,114,83,181,158,84,134,108,39,125,250,240,171,25,243,95,107,59,228,10,4,123,183,133,239,119,249,31,158,205,86,120,46,178,94,81,30,218,174,143
,Address:0x62a37f11f44059d99746cca83c779befb22cd9af,: PrivateKey:101,150,156,65,164,200,164,37,214,127,29,233,146,232,0,175,13,87,82,93,63,182,181,224,112,206,139,191,135,144,210,136,20,198,211,194,40,134,209,158,54,23,152,231,47,138,75,152,35,156,100,196,55,132,128,243,50,203,219,86,60,119,102,55
,Address:0x493c32f6885c5870017f01cb776653e8906bf769,: PrivateKey:113,57,207,165,15,120,8,16,120,104,100,94,86,101,22,224,134,157,66,140,185,114,94,249,223,27,232,29,71,20,119,144,9,75,104,36,169,213,249,253,166,148,48,112,44,40,40,200,240,1,223,75,217,218,97,58,7,147,204,158,234,131,111,206
,Address:0x4f134d562b22751d60c5c08a85b2f72c9ca80341,: PrivateKey:70,200,223,5,230,3,107,220,82,137,43,192,117,172,64,64,213,149,117,79,158,253,8,3,7,176,67,238,76,69,235,55,86,43,101,251,199,148,53,91,171,171,123,220,78,92,156,4,178,25,201,96,201,103,82,176,173,35,210,76,95,157,135,241
,Address:0x4d2498e5167290fa7c9d97f87f906163551a6a85,: PrivateKey:232,42,96,194,84,127,68,187,159,12,66,17,215,41,192,57,139,31,138,122,77,67,30,244,243,191,198,123,68,199,78,122,1,122,160,243,234,29,18,66,119,30,219,231,187,70,255,221,162,103,232,4,98,136,136,192,172,98,110,53,116,106,39,99
,Address:0x3cffc0b70c7968e7e183f85309bff7054a44debc,: PrivateKey:171,4,19,173,29,74,31,3,182,153,36,160,216,152,56,56,163,180,217,13,64,243,159,6,159,180,1,205,222,183,225,239,172,186,97,215,38,211,157,193,129,217,188,16,203,131,247,207,191,159,16,130,25,139,202,58,142,150,114,16,173,91,217,86
,Address:0x4f8246cc407566e18f221a2ca5169a80d00fe5d6,: PrivateKey:249,58,200,22,63,172,188,65,53,94,116,118,122,43,243,223,104,29,118,215,235,53,254,4,68,234,92,241,227,177,179,126,44,66,137,215,243,195,192,148,43,155,173,114,100,44,96,74,165,5,155,36,235,12,104,47,191,235,177,31,120,244,79,139
,Address:0xbd74a0e6b52e57b36b7f7d6573517a8f8b2a4001,: PrivateKey:41,58,74,75,44,100,28,77,56,91,11,32,156,221,156,57,52,31,103,230,56,165,88,181,150,97,239,65,145,243,209,219,218,250,144,158,154,156,239,216,40,69,234,124,21,86,2,109,222,157,1,192,94,191,98,119,93,83,113,185,59,82,221,122
,Address:0x799bf8a67b2d70b859655e930479ec5db70d2d90,: PrivateKey:129,13,239,74,117,233,242,85,66,207,14,90,78,211,160,98,9,107,247,140,175,239,145,219,236,11,53,218,197,209,152,13,52,204,6,160,198,155,26,48,89,59,243,60,179,193,169,236,148,241,98,113,74,218,229,147,36,24,53,49,207,24,101,87
,Address:0x2d97f03596e128061db600ebc13c809796aef467,: PrivateKey:84,212,235,239,34,225,108,131,39,219,147,12,250,79,61,236,1,19,175,186,230,107,143,192,160,124,178,143,57,36,107,159,50,38,253,234,160,114,99,142,48,235,58,180,119,243,194,130,57,128,80,82,226,170,5,135,247,163,169,56,23,73,252,194
,Address:0xd5d42e43804efa4428299ab9e85905327c52b034,: PrivateKey:211,230,178,39,29,57,32,147,132,77,31,143,218,74,203,191,217,207,39,107,58,213,105,130,106,86,180,232,146,12,229,253,228,103,122,123,81,71,71,123,222,189,147,239,6,78,217,31,177,2,250,121,212,23,170,197,203,143,63,208,204,244,140,35
,Address:0x5d17444779290dae0148c65d06c3ba49648107aa,: PrivateKey:158,246,158,46,217,177,39,202,92,187,249,246,77,113,91,62,169,19,2,231,159,59,192,15,13,156,123,175,80,2,18,107,27,215,93,95,185,210,31,15,105,11,66,205,186,70,11,33,10,143,55,76,52,133,225,167,141,197,211,68,55,164,108,140
,Address:0xdbdf5b83ac17fd217354f3688fe74ebd06ab5354,: PrivateKey:5,130,234,67,207,202,105,216,194,1,57,166,251,67,12,162,78,41,105,203,195,254,17,156,94,157,8,248,5,196,102,217,144,99,202,205,100,61,152,127,149,245,62,54,246,119,36,70,8,35,141,154,191,251,60,64,49,197,249,209,64,48,8,225
,Address:0x16becfa41e5df2322761ac307e68869a0d1ca3ed,: PrivateKey:29,222,189,230,119,31,209,99,232,58,130,157,15,113,1,104,185,20,246,102,143,55,35,64,76,163,184,62,223,16,209,67,187,215,156,70,34,234,169,74,190,159,83,41,150,54,51,76,73,172,235,65,242,95,94,203,238,182,62,142,104,120,214,101
,Address:0x95a416997e1c09a30e7668264d129319e0e4205a,: PrivateKey:235,141,6,208,189,192,162,184,184,111,107,48,207,181,27,232,88,110,59,81,125,45,130,107,161,147,206,105,68,188,19,147,29,157,59,67,91,139,25,186,44,230,87,125,4,162,2,28,56,148,125,128,47,191,113,140,131,73,136,43,152,42,118,199
,Address:0xc8d6b9fe1f8efedc014b99031a4e315487eaea26,: PrivateKey:42,75,36,85,54,168,192,249,167,72,232,44,9,167,174,77,178,105,84,242,161,20,57,111,69,25,133,111,130,226,245,116,15,36,33,4,167,152,25,137,214,193,198,183,91,96,159,48,45,42,3,109,198,152,180,39,66,26,239,67,223,222,131,61
,Address:0x36e4d1aa115daf41fca8dc6e51bf5e30bacdb81e,: PrivateKey:152,164,204,4,173,115,178,71,75,150,85,184,148,231,1,245,55,218,222,221,180,202,79,16,102,252,40,245,160,179,189,25,245,139,242,81,111,54,66,6,80,158,230,222,24,135,29,0,198,247,47,62,139,163,90,23,169,108,181,203,131,158,32,143
,Address:0xa24f95ba3404a8b17f197f4e8211748dc2b0812d,: PrivateKey:178,155,35,196,57,189,142,120,1,189,156,66,203,69,58,221,251,67,98,135,19,79,20,37,117,114,226,168,152,253,4,57,98,203,174,223,87,221,117,227,3,137,96,72,221,48,14,57,150,81,165,45,89,224,165,117,7,84,209,178,163,203,234,158
,Address:0xbc017070b0622da28c8f3a16fcb6e33f802f0400,: PrivateKey:200,69,150,65,197,92,245,210,136,231,240,163,235,168,158,172,217,19,28,206,117,19,49,213,50,10,240,32,158,21,199,103,240,12,90,105,156,179,14,162,63,233,59,35,103,78,225,2,191,178,125,170,48,153,235,131,54,107,203,208,196,74,43,120
,Address:0x5eaee0ea7458ac64f2fc0baf5a6a81325e7ac991,: PrivateKey:182,164,247,160,79,116,85,252,26,167,242,184,72,20,18,246,24,22,54,37,111,98,62,117,145,202,82,157,93,209,126,152,236,113,109,66,86,231,76,84,16,195,56,25,118,209,96,55,162,79,182,57,153,225,171,214,104,109,202,234,15,139,106,129
,Address:0x6c575024290047eb5497992f6f7e4603d18bc516,: PrivateKey:189,15,167,236,193,61,169,122,1,139,137,68,195,204,87,39,158,198,133,11,34,169,75,166,236,62,75,109,213,234,250,27,131,67,75,88,108,218,170,237,108,137,210,56,237,103,131,11,231,49,131,132,19,250,232,182,126,157,166,46,149,148,193,72
,Address:0xe1ad1576df8c9a0d50d1edb6ad8e0558ca7aaa5a,: PrivateKey:88,141,10,106,34,25,182,99,124,139,104,186,174,182,170,121,121,44,179,177,6,94,41,64,86,27,229,200,249,219,238,121,226,175,39,255,109,43,87,66,231,100,187,24,28,73,9,84,216,30,116,45,91,118,252,60,25,98,149,41,31,204,197,110
,Address:0x312b0bac83e80c5205ffe013a026c881c21af801,: PrivateKey:20,111,47,138,144,133,220,61,228,184,157,138,224,110,156,80,132,44,71,215,132,63,136,238,35,33,121,161,223,76,98,14,231,245,207,200,80,91,1,7,229,225,77,7,24,11,164,181,20,114,153,12,171,100,133,87,90,41,215,213,185,150,10,177
,Address:0x10a8d46337434d6c4d9cfddc89674351be24808a,: PrivateKey:32,51,200,8,18,87,178,191,45,183,41,50,55,187,249,193,171,133,106,123,137,109,105,232,45,171,114,69,16,223,9,243,128,40,195,210,41,113,207,144,163,66,74,119,11,184,100,49,40,217,1,162,251,9,64,76,13,17,1,195,167,95,97,130
,Address:0xcdfa583352d9a8f9cb0101222b1a2c835b50de1b,: PrivateKey:232,168,161,71,82,233,228,123,66,227,9,117,63,82,124,228,175,29,38,179,96,156,195,139,108,100,56,253,229,113,163,207,4,67,129,23,105,70,44,43,151,15,14,54,123,180,224,145,75,127,8,7,61,146,17,172,28,95,45,6,227,150,111,167
,Address:0x555264975c409f19addf29cf8d4c2d9e98fb48a2,: PrivateKey:245,168,17,233,64,29,39,92,2,46,63,98,7,102,87,58,53,247,20,19,15,24,39,90,170,79,49,254,177,91,229,23,40,83,228,55,205,124,219,31,44,72,86,13,24,150,235,72,150,246,129,233,4,209,106,59,96,184,78,208,100,175,196,227
,Address:0x701247fddee29e3b9721b16d24782b58324af2f3,: PrivateKey:58,248,166,245,80,131,35,101,226,193,209,178,233,43,127,49,254,68,248,124,209,99,77,132,85,174,189,79,41,188,140,19,31,105,12,1,212,77,252,123,6,218,136,147,127,37,41,63,234,28,49,2,116,126,229,181,69,131,114,207,29,32,26,59
,Address:0xb2decb878a3424d64c24e249632a0cddec436080,: PrivateKey:72,246,205,48,178,163,233,225,126,208,235,192,65,250,221,234,209,90,27,7,182,161,17,115,170,79,61,188,147,115,16,35,69,25,212,236,188,76,17,140,212,0,234,84,12,46,165,92,157,108,47,6,239,32,154,251,207,116,177,1,202,95,235,100
,Address:0x12a9e0f3ffe70945036bab1272a06e1e0bb1a2de,: PrivateKey:230,177,81,241,211,77,83,165,189,182,80,145,78,111,242,173,249,30,44,95,5,163,163,56,148,89,214,173,123,239,72,208,54,200,56,40,225,245,146,2,169,43,177,43,83,45,252,228,51,1,58,227,48,176,207,39,173,189,54,190,0,182,43,53
,Address:0x6c13e1d5cae27499b385513c2ab00d53e59eae52,: PrivateKey:243,183,83,165,117,88,149,26,161,3,65,169,3,198,80,236,55,100,239,168,11,203,90,51,151,117,59,175,58,230,228,234,206,247,85,60,65,188,129,45,178,75,161,221,40,1,147,224,171,67,156,23,0,158,123,199,242,41,88,183,225,10,49,196
,Address:0xd5bc075abb901bdb3b429ba919eed92ad65a3844,: PrivateKey:82,47,50,30,51,0,1,254,19,176,31,202,184,91,82,129,217,215,169,248,252,246,184,164,40,121,44,229,17,145,37,29,11,192,207,41,245,153,99,137,180,174,180,76,5,1,242,208,207,207,77,152,50,234,179,21,115,233,210,127,203,247,136,59
,Address:0x123db269448387edc1fade8b65210398e35df736,: PrivateKey:15,213,175,22,180,234,112,198,218,121,111,204,48,200,86,252,120,112,206,101,151,196,27,40,41,186,234,218,119,58,113,18,16,185,200,12,109,181,34,157,96,147,144,36,2,248,36,154,8,175,205,50,128,124,251,68,233,220,196,84,36,128,6,58
,Address:0xfd5f1420f5ab096a326eee76466c62530117503a,: PrivateKey:166,188,34,143,200,32,66,100,135,64,103,236,70,148,43,200,152,171,131,103,39,209,196,148,184,180,61,141,61,160,110,38,161,66,172,71,250,153,81,3,106,156,56,158,251,231,96,162,244,232,207,41,172,162,138,249,238,48,196,226,207,39,6,175
,Address:0x8d9eecc9fdedfb08cff7b23a29e4b898f0cf1d5f,: PrivateKey:91,25,123,152,82,56,126,131,181,18,191,122,50,120,109,66,4,127,162,199,240,84,87,47,152,170,202,160,223,84,181,244,76,28,241,43,49,107,142,34,23,149,105,123,155,166,151,141,25,73,89,142,166,117,9,251,63,41,196,110,182,76,184,18
,Address:0x7c5a4da0a6722415c39ef868a46762a3c2a818dd,: PrivateKey:130,165,114,47,142,63,30,231,59,245,165,203,149,77,140,153,133,84,119,1,186,35,214,251,230,223,98,53,156,222,235,142,224,157,221,52,59,130,255,14,110,52,231,188,40,48,99,42,163,151,97,153,198,33,132,9,3,199,170,45,212,12,37,213
,Address:0x12c7a47c1ce60cd1382c5831184c1b7945b28acc,: PrivateKey:69,198,188,44,167,181,240,210,2,103,243,193,91,1,41,204,127,95,54,232,252,238,60,143,205,146,133,226,118,57,225,248,104,64,49,121,16,175,244,99,133,66,155,156,135,199,244,136,165,184,66,193,174,129,12,39,180,214,194,251,211,233,185,216
,Address:0x53389a3a121559972cc895ed8f6fae624a9379aa,: PrivateKey:6,161,231,52,33,51,138,30,151,76,85,15,146,57,50,55,140,57,165,70,198,102,162,47,52,151,30,83,14,8,216,159,137,151,195,87,174,127,229,249,189,150,146,23,23,241,74,173,80,5,104,99,16,113,6,38,135,245,193,89,13,171,19,81
,Address:0x79ec547647d8c9f2c3b8840eb6580b3c954c33e4,: PrivateKey:228,15,74,180,25,101,150,177,22,137,158,121,69,129,176,220,48,96,146,194,2,210,63,205,160,89,101,222,131,128,130,239,231,62,37,100,193,227,180,58,181,158,40,129,164,73,249,44,76,200,219,130,67,202,107,203,163,158,16,162,37,189,237,140
,Address:0x00246a68ec9a4af51a49b9489a4903287dca09aa,: PrivateKey:87,140,151,220,49,37,186,19,146,21,50,15,10,133,102,197,0,17,75,197,189,27,181,11,143,149,232,179,73,96,72,120,43,211,131,1,31,193,153,242,243,222,188,81,61,127,249,230,169,96,210,149,146,99,6,55,73,243,1,136,190,199,180,234
,Address:0xe46cb6b41287130d3737ea67dfc5a4c5b82785ff,: PrivateKey:143,191,101,190,41,13,20,108,107,238,148,251,183,229,189,116,1,102,196,113,56,106,7,105,20,72,188,141,120,84,45,248,84,116,107,166,166,241,203,80,222,219,155,18,233,12,211,63,61,44,192,178,98,151,252,191,225,110,251,4,74,132,207,129
,Address:0xf521dfd99f9266cf363ccd59c27791b5d1733fb9,: PrivateKey:55,252,72,240,205,92,16,81,213,0,75,19,69,144,61,251,234,134,121,205,157,215,50,16,202,93,75,249,183,134,158,48,129,19,222,173,89,198,184,167,189,7,3,177,38,7,114,22,123,148,68,50,187,71,212,193,82,61,210,190,7,15,209,16
,Address:0x9f4a39bf2fe268659f19fb5fbc66078f1f62d9df,: PrivateKey:18,54,20,9,255,214,48,86,8,124,7,171,233,129,130,209,181,11,128,16,158,25,85,82,64,244,254,39,17,113,40,99,96,142,116,179,178,202,62,240,175,38,133,187,134,128,251,82,52,155,173,185,188,166,109,176,31,180,50,1,43,57,93,210
,Address:0x8fb36804d5827c0efadcd92e5f2406b595f27a90,: PrivateKey:123,236,75,73,196,222,161,120,166,131,135,110,249,50,124,18,52,177,80,167,114,214,251,34,248,2,148,35,76,194,183,237,167,74,230,194,44,136,14,50,121,149,7,247,183,11,180,176,35,159,133,22,29,184,223,74,145,72,201,137,179,112,167,32
,Address:0x1a8cf85044ad62575d9794c8636bdfb5d875c323,: PrivateKey:251,158,228,105,203,252,3,24,205,164,10,93,106,160,67,253,82,121,146,147,77,255,31,141,73,30,86,246,146,245,36,216,7,157,51,73,249,2,165,172,180,19,10,35,250,233,241,50,47,130,62,239,71,84,20,66,192,115,223,241,192,141,231,182
,Address:0x09f812f7527690ec78c50f80c3e6f64a26409b57,: PrivateKey:135,63,238,4,232,93,173,204,223,4,60,98,124,30,246,232,86,37,155,151,183,131,145,175,22,234,73,225,149,102,215,69,91,30,154,198,100,185,149,3,10,95,11,225,226,43,67,109,121,88,92,9,220,171,85,31,123,144,156,161,149,122,134,231
,Address:0x8e0a108c338eb0bc572812e23833d026759620eb,: PrivateKey:59,138,42,72,61,179,211,29,136,2,45,209,113,0,13,4,123,192,27,47,178,98,153,54,159,47,214,36,97,154,216,146,253,85,89,133,23,73,153,11,253,93,241,209,112,114,73,88,207,103,0,151,84,249,34,91,144,70,176,190,117,230,233,100
,Address:0xdb1059a8d9664876fc9169447acb825bc23ebf70,: PrivateKey:241,157,60,231,153,216,66,234,118,49,124,21,86,3,203,100,73,106,93,237,186,160,243,185,111,199,204,26,201,79,212,131,142,250,23,159,15,61,128,91,113,226,198,87,73,92,140,64,50,28,88,222,91,94,218,127,79,68,178,222,151,94,115,240
,Address:0x3b8ddc822a6510945a70b352b74921532250faaf,: PrivateKey:210,57,62,69,184,138,64,152,53,26,99,165,12,100,222,129,151,202,210,238,102,65,116,104,33,8,189,0,84,32,8,119,187,109,213,112,219,169,25,58,255,253,57,58,61,17,170,128,1,250,3,21,102,209,186,189,255,204,11,210,227,248,234,178
,Address:0xdc7ffd68a77b136093615a96d20e07e46944d04a,: PrivateKey:214,125,7,212,117,16,195,3,79,176,83,221,253,20,183,248,203,249,225,99,5,158,246,235,13,121,188,6,77,20,158,19,117,47,62,236,177,96,223,147,164,103,100,223,216,146,103,22,66,146,39,184,15,48,115,68,128,103,98,139,235,125,93,61
,Address:0x7ef56afa8daaba31bff9ab41245bbc8a170b6a1b,: PrivateKey:154,249,66,1,88,201,95,82,132,38,175,23,96,27,125,84,66,10,5,60,102,199,143,74,55,253,173,210,218,0,87,243,204,99,100,136,18,48,63,36,93,205,105,110,215,247,125,6,64,170,166,37,171,160,180,189,95,254,96,74,231,4,183,194
,Address:0x09548d4e60ca1ceebfe5a97fae5eca9da487bf0b,: PrivateKey:209,201,59,3,94,193,137,45,73,12,74,219,84,155,67,212,210,207,184,52,208,25,56,89,168,246,173,216,181,21,9,192,205,71,44,72,58,125,22,234,60,202,16,250,11,234,96,232,54,111,27,115,120,73,250,200,193,80,4,154,179,19,232,235
,Address:0xfe94c786e0c8a4e838a16e7d70b530646dc432bc,: PrivateKey:214,216,226,152,229,181,223,210,176,1,51,24,235,122,11,156,81,177,176,134,103,199,7,37,232,195,224,64,98,148,195,65,96,254,241,127,197,104,26,157,145,104,174,234,215,209,119,86,17,79,229,237,111,97,5,95,121,180,43,92,194,44,164,146
,Address:0xa0c52c964bdbff056e9c25dc9a944dda517b9125,: PrivateKey:16,42,226,57,122,176,155,143,111,6,224,154,68,0,17,109,83,87,130,225,94,4,221,168,178,88,230,239,89,74,118,134,65,8,141,36,90,32,29,95,106,6,55,106,242,110,41,97,68,237,174,192,46,177,133,43,93,166,18,111,187,157,228,175
,Address:0x890e1005f5b9bd6b8b8c159c67958dc5550ac36a,: PrivateKey:142,51,249,141,198,117,235,0,194,236,210,3,153,119,10,207,226,163,79,193,96,211,197,195,150,53,117,228,244,11,1,134,180,190,234,121,184,173,78,116,32,178,209,76,157,108,90,167,22,67,100,201,158,228,95,174,241,161,214,249,30,35,253,224
,Address:0xf96ccd950d547254578192935460a2209658e3dc,: PrivateKey:69,49,26,70,175,240,131,177,96,164,215,140,86,81,59,170,15,133,191,197,176,201,198,63,44,37,246,46,223,173,220,247,132,45,221,255,57,104,94,136,170,71,156,134,217,183,189,137,17,53,19,151,13,186,19,109,63,58,234,252,215,242,104,1
,Address:0xf53e345ca9c70ae03b0112b9caf70c1682d03f2c,: PrivateKey:225,114,53,112,66,130,68,121,187,228,42,185,251,9,44,240,58,141,180,211,123,196,167,98,132,100,62,175,40,26,202,223,19,29,106,44,154,230,233,170,104,198,206,22,49,102,223,192,137,129,140,113,242,3,154,48,134,115,187,76,160,125,186,221
,Address:0xadbee39978819d3fd3a197a65b6871365e43ec69,: PrivateKey:178,148,152,240,153,230,49,103,251,110,247,104,195,222,202,20,251,68,236,87,54,1,177,228,30,95,26,135,212,110,177,64,205,188,82,159,195,55,42,173,137,170,86,26,244,200,59,64,86,254,50,119,61,25,254,158,156,101,96,218,190,110,10,39
,Address:0xe581da9637fc0c9392c754e5cae672278fdb4acd,: PrivateKey:196,146,214,166,10,75,101,99,30,197,81,224,129,127,85,227,2,66,33,121,164,130,208,137,13,168,188,73,70,185,199,93,248,29,184,84,8,166,160,247,226,117,136,217,20,121,222,255,209,36,12,44,49,82,54,58,55,227,155,110,108,134,55,82
,Address:0xe81ce67f6372b3e19b23e96c055b70b8fca1b449,: PrivateKey:110,120,254,168,124,233,185,12,94,148,194,13,113,4,53,124,242,241,47,119,18,198,155,248,140,216,23,238,170,170,142,13,162,232,53,114,252,97,6,85,157,145,111,21,67,159,58,167,248,240,57,116,1,130,160,212,101,219,226,31,2,237,6,63
,Address:0xbbbadfdacd83a04bb5e2bf9e94614262d911d462,: PrivateKey:76,185,225,122,4,108,147,149,235,14,90,255,1,207,136,116,146,37,121,235,120,80,5,137,53,88,163,216,175,90,68,7,238,75,171,231,41,68,185,31,45,73,68,71,229,54,167,108,212,201,1,66,0,73,58,214,174,89,69,70,218,106,151,136
,Address:0x8d31317e3f53e9356d761acb9146f57293191a2c,: PrivateKey:184,126,84,43,234,179,105,118,148,95,205,86,126,29,246,58,76,80,223,27,97,4,65,63,83,172,87,62,245,243,214,40,125,56,211,110,56,190,32,106,98,187,178,31,22,42,194,214,151,212,61,78,121,78,192,252,205,238,108,176,159,247,94,21
,Address:0xe1518375603f3fd8d7b2fdd34eaeb7294ff566f8,: PrivateKey:169,48,47,25,108,47,167,217,230,176,87,44,49,111,171,53,9,24,220,86,12,210,69,40,89,101,141,105,142,161,195,152,115,163,18,204,160,15,236,83,175,186,105,7,73,202,242,76,158,111,57,158,12,196,25,112,158,14,179,157,64,133,79,214
,Address:0x8c869052f3303d8a3e51079c5ebbfb96d6549c81,: PrivateKey:136,9,77,148,12,42,254,1,252,91,73,92,247,170,129,172,169,52,216,202,143,54,39,71,212,0,39,248,219,142,172,235,57,25,164,200,162,217,19,137,27,214,59,224,143,132,247,110,11,211,106,9,171,175,255,225,10,185,222,188,172,48,38,3
,Address:0x0334138225cb6e566325d1122a4cd6165b4dc2e3,: PrivateKey:189,203,186,248,220,0,185,211,139,61,160,216,118,219,148,119,155,3,56,235,74,180,252,208,164,127,129,48,255,252,180,80,121,76,197,203,207,3,5,234,229,63,102,129,171,85,47,159,130,121,114,133,132,4,129,111,168,72,54,184,193,238,191,32
,Address:0xec4726cba67b0b0b09bbdd4c76c449c8b759a937,: PrivateKey:120,245,101,169,204,178,1,39,153,127,97,202,16,217,173,228,40,212,125,201,78,128,237,196,16,107,219,229,95,240,113,142,3,159,132,103,227,209,213,5,13,159,0,159,169,241,114,20,118,127,151,152,243,11,87,84,122,18,194,79,174,152,129,251
,Address:0x56ec0b128914f5e2c8ef4ad94a440cac2c8302c1,: PrivateKey:97,77,210,28,175,94,163,183,166,218,141,153,44,47,183,192,218,177,200,81,70,189,96,40,159,208,14,131,27,172,10,145,136,77,236,204,142,160,25,90,251,236,170,167,198,198,247,44,229,118,6,24,226,11,237,177,139,78,185,145,123,253,201,43
,Address:0x8f97d6c8c30329c495d9f0828c8456317b176083,: PrivateKey:72,75,158,134,197,237,113,119,116,208,230,24,73,194,135,194,219,167,62,211,41,200,99,75,110,178,96,212,78,58,3,58,247,219,176,214,25,183,92,202,231,118,169,105,161,173,188,193,145,25,139,93,243,191,31,226,62,233,116,237,133,244,137,68
,Address:0x177d4c4da6db649cee5399daf4e21d37e0c5a725,: PrivateKey:139,123,63,153,33,61,149,127,217,25,191,222,101,82,49,132,13,235,112,79,96,226,30,146,108,38,125,157,60,198,165,68,119,2,208,221,69,232,156,239,211,168,91,108,235,26,95,198,81,121,213,252,67,157,167,143,247,240,242,183,162,150,231,251
,Address:0x96647642ea7f65138191c8d003a2cf75fa9df693,: PrivateKey:76,46,57,114,6,134,29,72,199,119,169,197,202,88,14,67,10,20,125,114,244,69,134,232,197,237,104,91,78,78,38,139,51,118,178,168,219,162,103,6,64,4,228,219,194,73,146,229,92,148,131,243,62,59,113,243,31,167,160,46,129,59,96,137
,Address:0x7ad11c9e50f2d0bd87a47c72730b17d9ea68555f,: PrivateKey:170,181,126,2,114,68,172,46,94,2,82,193,254,30,161,134,83,187,231,42,190,97,62,222,15,223,87,39,114,183,47,171,84,20,232,61,155,53,193,255,38,7,3,89,237,232,252,83,9,97,28,85,128,173,36,76,247,229,172,242,111,159,22,5
,Address:0xc06ee34f487f67242ddc073e43b6ede99454e917,: PrivateKey:234,56,241,166,84,25,99,47,77,150,255,169,27,83,225,40,140,36,57,112,107,185,56,28,123,151,232,182,151,186,32,32,193,197,218,128,247,210,228,125,233,241,28,188,114,56,35,136,124,201,147,102,52,106,209,233,147,33,121,239,211,172,47,227
,Address:0xc4b87ed22f975bb42e2da9f6e8edee4daf382482,: PrivateKey:12,168,200,100,165,174,11,206,38,20,104,12,73,33,20,86,237,53,16,238,14,130,183,170,120,220,53,201,210,151,32,3,208,80,202,100,9,219,3,71,122,176,69,68,141,108,151,30,130,96,171,162,124,242,57,225,203,12,105,98,98,119,30,237
,Address:0x461f7cf22cab384dd29e589affb65fb13bc99d6d,: PrivateKey:234,163,251,101,161,209,80,55,46,5,22,228,207,135,213,41,247,123,70,119,118,169,183,72,253,67,41,55,158,147,208,111,79,251,107,147,30,101,202,221,90,143,9,12,226,221,236,52,54,102,117,29,101,178,14,184,70,130,154,253,75,16,74,248
,Address:0x265e07079d9a80cf866ec5643bd74694ed2a2ba6,: PrivateKey:53,181,243,196,9,98,240,142,55,93,198,47,140,229,77,129,248,81,69,70,14,211,217,145,141,213,48,205,182,234,93,161,105,150,145,10,47,99,209,137,157,103,246,111,16,72,118,153,74,250,24,124,237,214,169,5,60,132,95,7,134,104,77,243
,Address:0xc4d7c3f00dc2bd942770a2105ef0ab42a17cfc95,: PrivateKey:232,252,84,179,239,55,215,50,4,63,9,192,238,124,33,5,11,141,255,197,251,231,22,104,108,111,171,184,200,56,132,34,204,134,67,200,70,241,51,189,19,31,168,60,186,218,48,47,240,71,83,151,31,48,204,195,72,12,214,139,56,136,33,197
,Address:0x0ac994c1595ee66d5af0a8f8c82c2b1a3886ca4b,: PrivateKey:145,86,215,250,28,172,53,165,245,25,248,248,110,39,41,0,12,204,219,26,86,173,25,56,177,201,62,61,94,49,73,71,68,219,202,107,155,71,163,198,154,31,1,223,124,15,90,107,254,107,10,38,33,228,165,117,251,88,3,55,226,198,210,103
,Address:0x2faa71e4f895c0927d753ee743cf2e0216ad189c: PrivateKey:245,102,96,86,254,3,77,71,92,156,52,147,244,147,76,59,62,31,170,31,103,157,194,134,254,181,87,230,92,213,47,23,252,195,162,48,141,181,14,115,121,57,61,207,169,80,72,185,111,248,24,36,137,127,39,155,232,2,134,64,236,53,178,78


${patientAddress} ${age} ${gender} ${totalBilirubin} ${directBilirubin} ${alkalinePhosphotase} ${alamineAminotransferase} ${totalProteins} ${albumin} ${albuminGlobulinRatio} ${doctorAddress} ${doctorKey}